1.326999999999999846e-01 2.094000000000000028e-01 5.321000000000000174e-01 4.306000000000000383e-01 6.827999999999999625e-01 7.370999999999999774e-01 8.059000000000000608e-01
1.141000000000000070e-01 2.478000000000000203e-01 3.596999999999999642e-01 4.779999999999999805e-01 5.544000000000000039e-01 7.216000000000000192e-01 8.309999999999999609e-01
1.024999999999999939e-01 2.878000000000000003e-01 4.427000000000000379e-01 4.629999999999999671e-01 7.265999999999999126e-01 6.829000000000000625e-01 7.626000000000000556e-01
1.049999999999999961e-01 2.492000000000000048e-01 4.264000000000000012e-01 4.086000000000000187e-01 6.850000000000000533e-01 7.552999999999999714e-01 7.648999999999999133e-01
1.261999999999999789e-01 2.957000000000000184e-01 3.789000000000000146e-01 4.224999999999999867e-01 6.983000000000000318e-01 7.883999999999999897e-01 7.951000000000000290e-01
1.161000000000000087e-01 2.579799999999999871e-01 4.279600000000000071e-01 4.405400000000000427e-01 6.694200000000000150e-01 7.370599999999999374e-01 7.919000000000000483e-01
2.986499999999999932e+00 2.623400000000000176e+00 1.883699999999999930e+00 1.860000000000000098e+00 1.454199999999999937e+00 1.249800000000000022e+00 1.072899999999999965e+00
3.292400000000000215e+00 2.648200000000000109e+00 2.229299999999999837e+00 1.974199999999999955e+00 1.570400000000000018e+00 1.408199999999999896e+00 9.855000000000000426e-01
3.324300000000000033e+00 2.668200000000000127e+00 2.087899999999999867e+00 1.866200000000000081e+00 1.261100000000000110e+00 1.429499999999999993e+00 1.061399999999999899e+00
3.391000000000000014e+00 2.683499999999999996e+00 2.047699999999999854e+00 2.244000000000000217e+00 1.503500000000000059e+00 1.146400000000000086e+00 1.041400000000000103e+00
3.129700000000000149e+00 2.564900000000000180e+00 2.302799999999999958e+00 1.997200000000000086e+00 1.318400000000000016e+00 1.113499999999999934e+00 9.488999999999999657e-01
3.224780000000000424e+00 2.637640000000000207e+00 2.110279999999999934e+00 1.988319999999999865e+00 1.421519999999999895e+00 1.269480000000000164e+00 1.022019999999999929e+00
