1.991465389728546143e-01 9.427517056465148926e-01 9.820312261581420898e-01 9.914062619209289551e-01 9.894531369209289551e-01 9.944115877151489258e-01 9.968454241752624512e-01
2.205718308687210083e-01 9.174334406852722168e-01 9.789062738418579102e-01 9.878906011581420898e-01 9.949218630790710449e-01 9.932397007942199707e-01 9.953125119209289551e-01
2.531250119209289551e-01 9.335069656372070312e-01 9.828125238418579102e-01 9.894531369209289551e-01 9.902803301811218262e-01 9.949218630790710449e-01 9.960937500000000000e-01
3.647124469280242920e-01 9.642360806465148926e-01 9.832031130790710449e-01 9.899584054946899414e-01 9.929687380790710449e-01 9.964843988418579102e-01 9.945312738418579102e-01
2.656479775905609131e-01 9.623553156852722168e-01 9.792968630790710449e-01 9.886718988418579102e-01 9.886718988418579102e-01 9.932397007942199707e-01 9.925190210342407227e-01
2.606407612562179343e-01 9.440567016601562056e-01 9.812499999999999556e-01 9.894760608673095481e-01 9.912591934204101340e-01 9.944594502449035645e-01 9.950603961944579634e-01
2.496385097503662109e+00 3.300555050373077393e-01 1.439098268747329712e-01 6.362292170524597168e-02 5.720070749521255493e-02 2.321045473217964172e-02 2.279240265488624573e-02
2.369367122650146484e+00 3.821963667869567871e-01 1.298850476741790771e-01 6.688319146633148193e-02 3.025016747415065765e-02 2.961294725537300110e-02 4.430546984076499939e-02
2.278530836105346680e+00 3.770271539688110352e-01 1.172275692224502563e-01 3.928148746490478516e-02 5.833382532000541687e-02 3.002059087157249451e-02 2.061536163091659546e-02
2.022331476211547852e+00 2.077641934156417847e-01 8.233109116554260254e-02 4.876257479190826416e-02 3.729645162820816040e-02 2.264415845274925232e-02 4.075510054826736450e-02
2.320791244506835938e+00 1.986329257488250732e-01 1.356682628393173218e-01 6.725764274597167969e-02 6.421293318271636963e-02 4.093626886606216431e-02 4.771872237324714661e-02
2.297481155395507901e+00 2.991352289915084617e-01 1.218043595552444486e-01 5.716156363487243791e-02 4.945881702005863051e-02 2.928488403558731148e-02 3.523741140961646895e-02
