7.477355003356933594e-01 7.278079986572265625e-01 7.105978131294250488e-01
6.847826242446899414e-01 7.083333134651184082e-01 6.571558117866516113e-01
7.364130616188049316e-01 7.336956262588500977e-01 7.359601855278015137e-01
7.201086878776550293e-01 7.038043737411499023e-01 7.418478131294250488e-01
7.436593770980834961e-01 7.368659377098083496e-01 7.314311265945434570e-01
7.092391252517700195e-01 7.558876276016235352e-01 7.332428097724914551e-01
7.264493107795715332e-01 6.843296885490417480e-01 6.802536249160766602e-01
7.540760636329650879e-01 7.522644996643066406e-01 7.717391252517700195e-01
7.146739363670349121e-01 7.323369383811950684e-01 7.228260636329650879e-01
7.459239363670349121e-01 7.504528760910034180e-01 7.395833134651184082e-01
7.283061623573303667e-01 7.285778880119323508e-01 7.224637687206267866e-01
1.213096618652343750e+00 1.377474546432495117e+00 1.627947807312011719e+00
2.834285974502563477e+00 1.935497283935546875e+00 2.117594480514526367e+00
1.305096149444580078e+00 1.148280858993530273e+00 1.103668570518493652e+00
1.490304708480834961e+00 1.362654924392700195e+00 1.210271954536437988e+00
1.146216630935668945e+00 1.260554313659667969e+00 1.224961280822753906e+00
1.180207729339599609e+00 1.145921587944030762e+00 1.233535528182983398e+00
1.232132077217102051e+00 1.659531474113464355e+00 1.396626710891723633e+00
1.158766746520996094e+00 1.026927471160888672e+00 9.756036996841430664e-01
1.205909371376037598e+00 1.205352187156677246e+00 1.185842394828796387e+00
1.206734418869018555e+00 1.139460325241088867e+00 1.176255345344543457e+00
1.397275042533874467e+00 1.326165497303009033e+00 1.325230777263641357e+00
